eval_loss = 0.1279961036801895
eval_precision = 0.6976456009913259
eval_recall = 0.7567204301075269
eval_f1 = 0.7259832366215345
epoch = 3.0
